1	88718836122	Maintenance	123.00
2	88718836122	Loan	123.00
3	52476259274	Maintenance	123.00
4	52476259274	Loan	123.00
5	76487419411	Maintenance	123.00
6	76487419411	Loan	123.00
7	12798526842	Maintenance	123.00
8	12798526842	Loan	123.00
9	23512274635	Maintenance	123.00
10	23512274635	Loan	123.00
11	38958894691	Maintenance	123.00
12	38958894691	Loan	123.00
13	11366893555	Maintenance	123.00
14	11366893555	Loan	123.00
15	38794254125	Maintenance	123.00
16	38794254125	Loan	123.00
17	73163452124	Maintenance	123.00
18	73163452124	Loan	123.00
19	12363134893	Maintenance	123.00
20	12363134893	Loan	123.00
21	32861551964	Maintenance	123.00
22	32861551964	Loan	123.00
23	56774466176	Maintenance	123.00
24	56774466176	Loan	123.00
25	33793261833	Maintenance	123.00
26	33793261833	Loan	123.00
27	25918277486	Maintenance	123.00
28	25918277486	Loan	123.00
29	59156457937	Maintenance	123.00
30	59156457937	Loan	123.00
31	27232436911	Maintenance	123.00
32	27232436911	Loan	123.00
33	65345766547	Maintenance	123.00
34	65345766547	Loan	123.00
35	71786664625	Maintenance	123.00
36	71786664625	Loan	123.00
37	98516933126	Maintenance	123.00
38	98516933126	Loan	123.00
39	18673765624	Maintenance	123.00
40	18673765624	Loan	123.00
41	71842925799	Maintenance	123.00
42	71842925799	Loan	123.00
43	37421748691	Maintenance	123.00
44	37421748691	Loan	123.00
45	33476279691	Maintenance	123.00
46	33476279691	Loan	123.00
47	37941257181	Maintenance	123.00
48	37941257181	Loan	123.00
49	99557519431	Maintenance	123.00
50	99557519431	Loan	123.00
51	15585864322	Maintenance	123.00
52	15585864322	Loan	123.00
53	82649485666	Maintenance	123.00
54	82649485666	Loan	123.00
55	36418656955	Maintenance	123.00
56	36418656955	Loan	123.00
57	19489374824	Maintenance	123.00
58	19489374824	Loan	123.00
59	65295333994	Maintenance	123.00
60	65295333994	Loan	123.00
61	35354867763	Maintenance	123.00
62	35354867763	Loan	123.00
63	15199555972	Maintenance	123.00
64	15199555972	Loan	123.00
65	74139762149	Maintenance	123.00
66	74139762149	Loan	123.00
67	26561659989	Maintenance	123.00
68	26561659989	Loan	123.00
69	78812547347	Maintenance	123.00
70	78812547347	Loan	123.00
71	78892321482	Maintenance	123.00
72	78892321482	Loan	123.00
73	54899244665	Maintenance	123.00
74	54899244665	Loan	123.00
75	15869128851	Maintenance	123.00
76	15869128851	Loan	123.00
77	74858287286	Maintenance	123.00
78	74858287286	Loan	123.00
79	75171897484	Maintenance	123.00
80	75171897484	Loan	123.00
81	47236282524	Maintenance	123.00
82	47236282524	Loan	123.00
83	82524519776	Maintenance	123.00
84	82524519776	Loan	123.00
85	18765274374	Maintenance	123.00
86	18765274374	Loan	123.00
87	46374583968	Maintenance	123.00
88	46374583968	Loan	123.00
89	42195664656	Maintenance	123.00
90	42195664656	Loan	123.00
91	58685138192	Maintenance	123.00
92	58685138192	Loan	123.00
93	61695935258	Maintenance	123.00
94	61695935258	Loan	123.00
95	94777485478	Maintenance	123.00
96	94777485478	Loan	123.00
97	82811298136	Maintenance	123.00
98	82811298136	Loan	123.00
99	66921395418	Maintenance	123.00
100	66921395418	Loan	123.00
101	95543716692	Maintenance	123.00
102	95543716692	Loan	123.00
103	38683333413	Maintenance	123.00
104	38683333413	Loan	123.00
105	35278857292	Maintenance	123.00
106	35278857292	Loan	123.00
107	31129656422	Maintenance	123.00
108	31129656422	Loan	123.00
109	14597836299	Maintenance	123.00
110	14597836299	Loan	123.00
111	16923721667	Maintenance	123.00
112	16923721667	Loan	123.00
113	19232711227	Maintenance	123.00
114	19232711227	Loan	123.00
115	29692952613	Maintenance	123.00
116	29692952613	Loan	123.00
117	34869387196	Maintenance	123.00
118	34869387196	Loan	123.00
119	88155144712	Maintenance	123.00
120	88155144712	Loan	123.00
121	83547251335	Maintenance	123.00
122	83547251335	Loan	123.00
123	13658829335	Maintenance	123.00
124	13658829335	Loan	123.00
125	16975691567	Maintenance	123.00
126	16975691567	Loan	123.00
127	56227985683	Maintenance	123.00
128	56227985683	Loan	123.00
129	68688597779	Maintenance	123.00
130	68688597779	Loan	123.00
131	41968828192	Maintenance	123.00
132	41968828192	Loan	123.00
133	67161377496	Maintenance	123.00
134	67161377496	Loan	123.00
135	69516497384	Maintenance	123.00
136	69516497384	Loan	123.00
137	96876398396	Maintenance	123.00
138	96876398396	Loan	123.00
139	71985521761	Maintenance	123.00
140	71985521761	Loan	123.00
141	58687675586	Maintenance	123.00
142	58687675586	Loan	123.00
143	36974745471	Maintenance	123.00
144	36974745471	Loan	123.00
145	14154917189	Maintenance	123.00
146	14154917189	Loan	123.00
147	33129495396	Maintenance	123.00
148	33129495396	Loan	123.00
149	41882553553	Maintenance	123.00
150	41882553553	Loan	123.00
151	71159185328	Maintenance	123.00
152	71159185328	Loan	123.00
153	73751642973	Maintenance	123.00
154	73751642973	Loan	123.00
155	71637744556	Maintenance	123.00
156	71637744556	Loan	123.00
157	15865378884	Maintenance	123.00
158	15865378884	Loan	123.00
159	36574653731	Maintenance	123.00
160	36574653731	Loan	123.00
161	31361853281	Maintenance	123.00
162	31361853281	Loan	123.00
163	67225474149	Maintenance	123.00
164	67225474149	Loan	123.00
165	88221411782	Maintenance	123.00
166	88221411782	Loan	123.00
167	94278188177	Maintenance	123.00
168	94278188177	Loan	123.00
169	88611897319	Maintenance	123.00
170	88611897319	Loan	123.00
171	39289866914	Maintenance	123.00
172	39289866914	Loan	123.00
173	54483224527	Maintenance	123.00
174	54483224527	Loan	123.00
175	19884862633	Maintenance	123.00
176	19884862633	Loan	123.00
177	28666232358	Maintenance	123.00
178	28666232358	Loan	123.00
179	71544223399	Maintenance	123.00
180	71544223399	Loan	123.00
181	76322882146	Maintenance	123.00
182	76322882146	Loan	123.00
183	55282387432	Maintenance	123.00
184	55282387432	Loan	123.00
185	52427293541	Maintenance	123.00
186	52427293541	Loan	123.00
187	56433195274	Maintenance	123.00
188	56433195274	Loan	123.00
189	57762581588	Maintenance	123.00
190	57762581588	Loan	123.00
191	27837785815	Maintenance	123.00
192	27837785815	Loan	123.00
193	87757688576	Maintenance	123.00
194	87757688576	Loan	123.00
195	12481431881	Maintenance	123.00
196	12481431881	Loan	123.00
197	95961299418	Maintenance	123.00
198	95961299418	Loan	123.00
199	75538698299	Maintenance	123.00
200	75538698299	Loan	123.00
201	24756762589	Maintenance	123.00
202	24756762589	Loan	123.00
203	56335641553	Maintenance	123.00
204	56335641553	Loan	123.00
205	88513763454	Maintenance	123.00
206	88513763454	Loan	123.00
207	98179937468	Maintenance	123.00
208	98179937468	Loan	123.00
209	21428659785	Maintenance	123.00
210	21428659785	Loan	123.00
211	59435528677	Maintenance	123.00
212	59435528677	Loan	123.00
213	82611549818	Maintenance	123.00
214	82611549818	Loan	123.00
215	48257327792	Maintenance	123.00
216	48257327792	Loan	123.00
217	14487961625	Maintenance	123.00
218	14487961625	Loan	123.00
219	78383555817	Maintenance	123.00
220	78383555817	Loan	123.00
221	57243318469	Maintenance	123.00
222	57243318469	Loan	123.00
223	23691982219	Maintenance	123.00
224	23691982219	Loan	123.00
225	66471456951	Maintenance	123.00
226	66471456951	Loan	123.00
227	75634662959	Maintenance	123.00
228	75634662959	Loan	123.00
229	67516422427	Maintenance	123.00
230	67516422427	Loan	123.00
231	87843686966	Maintenance	123.00
232	87843686966	Loan	123.00
233	44235439166	Maintenance	123.00
234	44235439166	Loan	123.00
235	33365245817	Maintenance	123.00
236	33365245817	Loan	123.00
237	58535689643	Maintenance	123.00
238	58535689643	Loan	123.00
239	18514917985	Maintenance	123.00
240	18514917985	Loan	123.00
241	94789179259	Maintenance	123.00
242	94789179259	Loan	123.00
243	87121433946	Maintenance	123.00
244	87121433946	Loan	123.00
245	87349414887	Maintenance	123.00
246	87349414887	Loan	123.00
247	76743669758	Maintenance	123.00
248	76743669758	Loan	123.00
249	79258291932	Maintenance	123.00
250	79258291932	Loan	123.00
251	17562521965	Maintenance	123.00
252	17562521965	Loan	123.00
253	48535386631	Maintenance	123.00
254	48535386631	Loan	123.00
255	32214944942	Maintenance	123.00
256	32214944942	Loan	123.00
257	96669198968	Maintenance	123.00
258	96669198968	Loan	123.00
259	52815755785	Maintenance	123.00
260	52815755785	Loan	123.00
261	61116151423	Maintenance	123.00
262	61116151423	Loan	123.00
263	42128636698	Maintenance	123.00
264	42128636698	Loan	123.00
265	98976317767	Maintenance	123.00
266	98976317767	Loan	123.00
267	37341987721	Maintenance	123.00
268	37341987721	Loan	123.00
269	27349994389	Maintenance	123.00
270	27349994389	Loan	123.00
271	53279169599	Maintenance	123.00
272	53279169599	Loan	123.00
273	69578793465	Maintenance	123.00
274	69578793465	Loan	123.00
275	17349381558	Maintenance	123.00
276	17349381558	Loan	123.00
277	92577595416	Maintenance	123.00
278	92577595416	Loan	123.00
279	69315596621	Maintenance	123.00
280	69315596621	Loan	123.00
281	55725567781	Maintenance	123.00
282	55725567781	Loan	123.00
283	79979772833	Maintenance	123.00
284	79979772833	Loan	123.00
285	76786763661	Maintenance	123.00
286	76786763661	Loan	123.00
287	32853666372	Maintenance	123.00
288	32853666372	Loan	123.00
289	94796715453	Maintenance	123.00
290	94796715453	Loan	123.00
291	25672812482	Maintenance	123.00
292	25672812482	Loan	123.00
293	12881155216	Maintenance	123.00
294	12881155216	Loan	123.00
295	44243112538	Maintenance	123.00
296	44243112538	Loan	123.00
297	49599481331	Maintenance	123.00
298	49599481331	Loan	123.00
299	46741846814	Maintenance	123.00
300	46741846814	Loan	123.00
301	53446519835	Maintenance	123.00
302	53446519835	Loan	123.00
303	42982669661	Maintenance	123.00
304	42982669661	Loan	123.00
305	72289517721	Maintenance	123.00
306	72289517721	Loan	123.00
307	21848991216	Maintenance	123.00
308	21848991216	Loan	123.00
309	65465593325	Maintenance	123.00
310	65465593325	Loan	123.00
311	51956121478	Maintenance	123.00
312	51956121478	Loan	123.00
313	59497874378	Maintenance	123.00
314	59497874378	Loan	123.00
315	76841678985	Maintenance	123.00
316	76841678985	Loan	123.00
317	35457297471	Maintenance	123.00
318	35457297471	Loan	123.00
319	23855393634	Maintenance	123.00
320	23855393634	Loan	123.00
321	51423638325	Maintenance	123.00
322	51423638325	Loan	123.00
323	41619343851	Maintenance	123.00
324	41619343851	Loan	123.00
325	91773151397	Maintenance	123.00
326	91773151397	Loan	123.00
327	86998582936	Maintenance	123.00
328	86998582936	Loan	123.00
329	62669429834	Maintenance	123.00
330	62669429834	Loan	123.00
331	49825297336	Maintenance	123.00
332	49825297336	Loan	123.00
333	82652137485	Maintenance	123.00
334	82652137485	Loan	123.00
335	34136829232	Maintenance	123.00
336	34136829232	Loan	123.00
337	93147525436	Maintenance	123.00
338	93147525436	Loan	123.00
339	59726399756	Maintenance	123.00
340	59726399756	Loan	123.00
341	53139754191	Maintenance	123.00
342	53139754191	Loan	123.00
343	64811319752	Maintenance	123.00
344	64811319752	Loan	123.00
345	22526342479	Maintenance	123.00
346	22526342479	Loan	123.00
347	49729649437	Maintenance	123.00
348	49729649437	Loan	123.00
349	24126443637	Maintenance	123.00
350	24126443637	Loan	123.00
351	67784811165	Maintenance	123.00
352	67784811165	Loan	123.00
353	56239885277	Maintenance	123.00
354	56239885277	Loan	123.00
355	66317495949	Maintenance	123.00
356	66317495949	Loan	123.00
357	69368335121	Maintenance	123.00
358	69368335121	Loan	123.00
359	76748185216	Maintenance	123.00
360	76748185216	Loan	123.00
361	72869795764	Maintenance	123.00
362	72869795764	Loan	123.00
363	36377186285	Maintenance	123.00
364	36377186285	Loan	123.00
365	14975748515	Maintenance	123.00
366	14975748515	Loan	123.00
367	86299817152	Maintenance	123.00
368	86299817152	Loan	123.00
369	82367734581	Maintenance	123.00
370	82367734581	Loan	123.00
371	43562921949	Maintenance	123.00
372	43562921949	Loan	123.00
373	26497691584	Maintenance	123.00
374	26497691584	Loan	123.00
375	57552121112	Maintenance	123.00
376	57552121112	Loan	123.00
377	71349285445	Maintenance	123.00
378	71349285445	Loan	123.00
379	56828341499	Maintenance	123.00
380	56828341499	Loan	123.00
381	85661261524	Maintenance	123.00
382	85661261524	Loan	123.00
383	15172633497	Maintenance	123.00
384	15172633497	Loan	123.00
385	42781967497	Maintenance	123.00
386	42781967497	Loan	123.00
387	82628879783	Maintenance	123.00
388	82628879783	Loan	123.00
389	69339538495	Maintenance	123.00
390	69339538495	Loan	123.00
391	37749463512	Maintenance	123.00
392	37749463512	Loan	123.00
393	74256731534	Maintenance	123.00
394	74256731534	Loan	123.00
395	62198466645	Maintenance	123.00
396	62198466645	Loan	123.00
397	71863495479	Maintenance	123.00
398	71863495479	Loan	123.00
399	16973562476	Maintenance	123.00
400	16973562476	Loan	123.00
401	89378997161	Maintenance	123.00
402	89378997161	Loan	123.00
403	92577527697	Maintenance	123.00
404	92577527697	Loan	123.00
405	55696496595	Maintenance	123.00
406	55696496595	Loan	123.00
407	61316928731	Maintenance	123.00
408	61316928731	Loan	123.00
409	61536263544	Maintenance	123.00
410	61536263544	Loan	123.00
411	58218822987	Maintenance	123.00
412	58218822987	Loan	123.00
413	92228791528	Maintenance	123.00
414	92228791528	Loan	123.00
415	62622271298	Maintenance	123.00
416	62622271298	Loan	123.00
417	39479167864	Maintenance	123.00
418	39479167864	Loan	123.00
419	38972419573	Maintenance	123.00
420	38972419573	Loan	123.00
421	81377518798	Maintenance	123.00
422	81377518798	Loan	123.00
423	47213623274	Maintenance	123.00
424	47213623274	Loan	123.00
425	23339939559	Maintenance	123.00
426	23339939559	Loan	123.00
427	45876631754	Maintenance	123.00
428	45876631754	Loan	123.00
429	44361444416	Maintenance	123.00
430	44361444416	Loan	123.00
431	92739534636	Maintenance	123.00
432	92739534636	Loan	123.00
433	31989288878	Maintenance	123.00
434	31989288878	Loan	123.00
435	14237411571	Maintenance	123.00
436	14237411571	Loan	123.00
437	59198876778	Maintenance	123.00
438	59198876778	Loan	123.00
439	65256593781	Maintenance	123.00
440	65256593781	Loan	123.00
441	23343278922	Maintenance	123.00
442	23343278922	Loan	123.00
443	18435444464	Maintenance	123.00
444	18435444464	Loan	123.00
445	15991588263	Maintenance	123.00
446	15991588263	Loan	123.00
447	19315776965	Maintenance	123.00
448	19315776965	Loan	123.00
449	86291986622	Maintenance	123.00
450	86291986622	Loan	123.00
451	72489946797	Maintenance	123.00
452	72489946797	Loan	123.00
453	21599932418	Maintenance	123.00
454	21599932418	Loan	123.00
455	72877243468	Maintenance	123.00
456	72877243468	Loan	123.00
457	49918118541	Maintenance	123.00
458	49918118541	Loan	123.00
459	63294699416	Maintenance	123.00
460	63294699416	Loan	123.00
461	59771377553	Maintenance	123.00
462	59771377553	Loan	123.00
463	17177643967	Maintenance	123.00
464	17177643967	Loan	123.00
465	78654195568	Maintenance	123.00
466	78654195568	Loan	123.00
467	44349724465	Maintenance	123.00
468	44349724465	Loan	123.00
469	36983631649	Maintenance	123.00
470	36983631649	Loan	123.00
471	99584997247	Maintenance	123.00
472	99584997247	Loan	123.00
473	28864632877	Maintenance	123.00
474	28864632877	Loan	123.00
475	28334429579	Maintenance	123.00
476	28334429579	Loan	123.00
477	55716638879	Maintenance	123.00
478	55716638879	Loan	123.00
479	99399771238	Maintenance	123.00
480	99399771238	Loan	123.00
481	58772883322	Maintenance	123.00
482	58772883322	Loan	123.00
483	85585665848	Maintenance	123.00
484	85585665848	Loan	123.00
485	38844132658	Maintenance	123.00
486	38844132658	Loan	123.00
487	65733935461	Maintenance	123.00
488	65733935461	Loan	123.00
489	51634913887	Maintenance	123.00
490	51634913887	Loan	123.00
491	53141212657	Maintenance	123.00
492	53141212657	Loan	123.00
493	11244692672	Maintenance	123.00
494	11244692672	Loan	123.00
495	44683383182	Maintenance	123.00
496	44683383182	Loan	123.00
497	24581993693	Maintenance	123.00
498	24581993693	Loan	123.00
499	48936367131	Maintenance	123.00
500	48936367131	Loan	123.00
501	53727794262	Maintenance	123.00
502	53727794262	Loan	123.00
503	25396964844	Maintenance	123.00
504	25396964844	Loan	123.00
505	23836459539	Maintenance	123.00
506	23836459539	Loan	123.00
507	61671839962	Maintenance	123.00
508	61671839962	Loan	123.00
509	32852541743	Maintenance	123.00
510	32852541743	Loan	123.00
511	92494458998	Maintenance	123.00
512	92494458998	Loan	123.00
513	28928478255	Maintenance	123.00
514	28928478255	Loan	123.00
515	46295158312	Maintenance	123.00
516	46295158312	Loan	123.00
517	73729317959	Maintenance	123.00
518	73729317959	Loan	123.00
519	74727162371	Maintenance	123.00
520	74727162371	Loan	123.00
521	24573128328	Maintenance	123.00
522	24573128328	Loan	123.00
523	91762691871	Maintenance	123.00
524	91762691871	Loan	123.00
525	83798661665	Maintenance	123.00
526	83798661665	Loan	123.00
527	89768267556	Maintenance	123.00
528	89768267556	Loan	123.00
529	11757728268	Maintenance	123.00
530	11757728268	Loan	123.00
531	84796784998	Maintenance	123.00
532	84796784998	Loan	123.00
533	58912432995	Maintenance	123.00
534	58912432995	Loan	123.00
535	51215686472	Maintenance	123.00
536	51215686472	Loan	123.00
537	62184684339	Maintenance	123.00
538	62184684339	Loan	123.00
539	33735421755	Maintenance	123.00
540	33735421755	Loan	123.00
541	94692269344	Maintenance	123.00
542	94692269344	Loan	123.00
543	43812166165	Maintenance	123.00
544	43812166165	Loan	123.00
545	61522373881	Maintenance	123.00
546	61522373881	Loan	123.00
547	37324123629	Maintenance	123.00
548	37324123629	Loan	123.00
549	93937211632	Maintenance	123.00
550	93937211632	Loan	123.00
551	44159545271	Maintenance	123.00
552	44159545271	Loan	123.00
553	25376881196	Maintenance	123.00
554	25376881196	Loan	123.00
555	29216687998	Maintenance	123.00
556	29216687998	Loan	123.00
557	59898446342	Maintenance	123.00
558	59898446342	Loan	123.00
559	51754751683	Maintenance	123.00
560	51754751683	Loan	123.00
561	86246266826	Maintenance	123.00
562	86246266826	Loan	123.00
563	38384965481	Maintenance	123.00
564	38384965481	Loan	123.00
565	43959282881	Maintenance	123.00
566	43959282881	Loan	123.00
567	55285236411	Maintenance	123.00
568	55285236411	Loan	123.00
569	16493871468	Maintenance	123.00
570	16493871468	Loan	123.00
571	46162736765	Maintenance	123.00
572	46162736765	Loan	123.00
573	59179982294	Maintenance	123.00
574	59179982294	Loan	123.00
575	46148651454	Maintenance	123.00
576	46148651454	Loan	123.00
577	87671152984	Maintenance	123.00
578	87671152984	Loan	123.00
579	29147747574	Maintenance	123.00
580	29147747574	Loan	123.00
581	98186385183	Maintenance	123.00
582	98186385183	Loan	123.00
583	26323745268	Maintenance	123.00
584	26323745268	Loan	123.00
585	94658541477	Maintenance	123.00
586	94658541477	Loan	123.00
587	39256558231	Maintenance	123.00
588	39256558231	Loan	123.00
589	65379582739	Maintenance	123.00
590	65379582739	Loan	123.00
591	86527255949	Maintenance	123.00
592	86527255949	Loan	123.00
593	33999272632	Maintenance	123.00
594	33999272632	Loan	123.00
595	26356665445	Maintenance	123.00
596	26356665445	Loan	123.00
597	15543638284	Maintenance	123.00
598	15543638284	Loan	123.00
599	56371853419	Maintenance	123.00
600	56371853419	Loan	123.00
601	85513485627	Maintenance	123.00
602	85513485627	Loan	123.00
603	94228552452	Maintenance	123.00
604	94228552452	Loan	123.00
605	54184217791	Maintenance	123.00
606	54184217791	Loan	123.00
607	44483462357	Maintenance	123.00
608	44483462357	Loan	123.00
609	49645947354	Maintenance	123.00
610	49645947354	Loan	123.00
611	94323617425	Maintenance	123.00
612	94323617425	Loan	123.00
613	57696461455	Maintenance	123.00
614	57696461455	Loan	123.00
615	97949528926	Maintenance	123.00
616	97949528926	Loan	123.00
617	97855885218	Maintenance	123.00
618	97855885218	Loan	123.00
619	23462681493	Maintenance	123.00
620	23462681493	Loan	123.00
621	87892182712	Maintenance	123.00
622	87892182712	Loan	123.00
623	74858648387	Maintenance	123.00
624	74858648387	Loan	123.00
625	92425374297	Maintenance	123.00
626	92425374297	Loan	123.00
627	44988749382	Maintenance	123.00
628	44988749382	Loan	123.00
629	11354374859	Maintenance	123.00
630	11354374859	Loan	123.00
631	45637993432	Maintenance	123.00
632	45637993432	Loan	123.00
633	41355984218	Maintenance	123.00
634	41355984218	Loan	123.00
635	67161697778	Maintenance	123.00
636	67161697778	Loan	123.00
637	29629525632	Maintenance	123.00
638	29629525632	Loan	123.00
639	11891954931	Maintenance	123.00
640	11891954931	Loan	123.00
641	48487891169	Maintenance	123.00
642	48487891169	Loan	123.00
643	41367915776	Maintenance	123.00
644	41367915776	Loan	123.00
645	15487956172	Maintenance	123.00
646	15487956172	Loan	123.00
647	66316287569	Maintenance	123.00
648	66316287569	Loan	123.00
649	67117897125	Maintenance	123.00
650	67117897125	Loan	123.00
651	49934913826	Maintenance	123.00
652	49934913826	Loan	123.00
653	64784827933	Maintenance	123.00
654	64784827933	Loan	123.00
655	82682548219	Maintenance	123.00
656	82682548219	Loan	123.00
657	74633854645	Maintenance	123.00
658	74633854645	Loan	123.00
659	33787233213	Maintenance	123.00
660	33787233213	Loan	123.00
661	15968393886	Maintenance	123.00
662	15968393886	Loan	123.00
663	93916278126	Maintenance	123.00
664	93916278126	Loan	123.00
665	49342924252	Maintenance	123.00
666	49342924252	Loan	123.00
667	33252855848	Maintenance	123.00
668	33252855848	Loan	123.00
669	71925119473	Maintenance	123.00
670	71925119473	Loan	123.00
671	77888561544	Maintenance	123.00
672	77888561544	Loan	123.00
673	57553847217	Maintenance	123.00
674	57553847217	Loan	123.00
675	52838387514	Maintenance	123.00
676	52838387514	Loan	123.00
677	58947733529	Maintenance	123.00
678	58947733529	Loan	123.00
679	81665454883	Maintenance	123.00
680	81665454883	Loan	123.00
681	22839598188	Maintenance	123.00
682	22839598188	Loan	123.00
683	19955719383	Maintenance	123.00
684	19955719383	Loan	123.00
685	95554855628	Maintenance	123.00
686	95554855628	Loan	123.00
687	75246382854	Maintenance	123.00
688	75246382854	Loan	123.00
689	31834537958	Maintenance	123.00
690	31834537958	Loan	123.00
691	39564586375	Maintenance	123.00
692	39564586375	Loan	123.00
693	15528115829	Maintenance	123.00
694	15528115829	Loan	123.00
695	82463899531	Maintenance	123.00
696	82463899531	Loan	123.00
697	96893825879	Maintenance	123.00
698	96893825879	Loan	123.00
699	42368292929	Maintenance	123.00
700	42368292929	Loan	123.00
701	79682335715	Maintenance	123.00
702	79682335715	Loan	123.00
703	85579511993	Maintenance	123.00
704	85579511993	Loan	123.00
705	14962418974	Maintenance	123.00
706	14962418974	Loan	123.00
707	45698266443	Maintenance	123.00
708	45698266443	Loan	123.00
709	84591135646	Maintenance	123.00
710	84591135646	Loan	123.00
711	33453535978	Maintenance	123.00
712	33453535978	Loan	123.00
713	47156182124	Maintenance	123.00
714	47156182124	Loan	123.00
715	16999452386	Maintenance	123.00
716	16999452386	Loan	123.00
717	12198116832	Maintenance	123.00
718	12198116832	Loan	123.00
719	92975946855	Maintenance	123.00
720	92975946855	Loan	123.00
721	89948437346	Maintenance	123.00
722	89948437346	Loan	123.00
723	92219217829	Maintenance	123.00
724	92219217829	Loan	123.00
725	43537437248	Maintenance	123.00
726	43537437248	Loan	123.00
727	88349573377	Maintenance	123.00
728	88349573377	Loan	123.00
729	58799238341	Maintenance	123.00
730	58799238341	Loan	123.00
731	54515194829	Maintenance	123.00
732	54515194829	Loan	123.00
733	59733626572	Maintenance	123.00
734	59733626572	Loan	123.00
735	35793282239	Maintenance	123.00
736	35793282239	Loan	123.00
737	56987633831	Maintenance	123.00
738	56987633831	Loan	123.00
739	27781937454	Maintenance	123.00
740	27781937454	Loan	123.00
741	73233257826	Maintenance	123.00
742	73233257826	Loan	123.00
743	27328595984	Maintenance	123.00
744	27328595984	Loan	123.00
745	91985744123	Maintenance	123.00
746	91985744123	Loan	123.00
747	79773722136	Maintenance	123.00
748	79773722136	Loan	123.00
749	39868798195	Maintenance	123.00
750	39868798195	Loan	123.00
751	14748795339	Maintenance	123.00
752	14748795339	Loan	123.00
753	57596558312	Maintenance	123.00
754	57596558312	Loan	123.00
755	48491467496	Maintenance	123.00
756	48491467496	Loan	123.00
757	12558563563	Maintenance	123.00
758	12558563563	Loan	123.00
759	58227743699	Maintenance	123.00
760	58227743699	Loan	123.00
761	27131824345	Maintenance	123.00
762	27131824345	Loan	123.00
763	93747563326	Maintenance	123.00
764	93747563326	Loan	123.00
765	71592291992	Maintenance	123.00
766	71592291992	Loan	123.00
767	94393245445	Maintenance	123.00
768	94393245445	Loan	123.00
769	22131361186	Maintenance	123.00
770	22131361186	Loan	123.00
771	43293642692	Maintenance	123.00
772	43293642692	Loan	123.00
773	74664558883	Maintenance	123.00
774	74664558883	Loan	123.00
775	95122673912	Maintenance	123.00
776	95122673912	Loan	123.00
777	82169259916	Maintenance	123.00
778	82169259916	Loan	123.00
779	61929711421	Maintenance	123.00
780	61929711421	Loan	123.00
781	28573717253	Maintenance	123.00
782	28573717253	Loan	123.00
783	92136623988	Maintenance	123.00
784	92136623988	Loan	123.00
785	91452655542	Maintenance	123.00
786	91452655542	Loan	123.00
787	65541639567	Maintenance	123.00
788	65541639567	Loan	123.00
789	31333531592	Maintenance	123.00
790	31333531592	Loan	123.00
791	12142221656	Maintenance	123.00
792	12142221656	Loan	123.00
793	58667189353	Maintenance	123.00
794	58667189353	Loan	123.00
795	21375255585	Maintenance	123.00
796	21375255585	Loan	123.00
797	54866624243	Maintenance	123.00
798	54866624243	Loan	123.00
799	17568935122	Maintenance	123.00
800	17568935122	Loan	123.00
801	77315634921	Maintenance	123.00
802	77315634921	Loan	123.00
803	89269798464	Maintenance	123.00
804	89269798464	Loan	123.00
805	48299799351	Maintenance	123.00
806	48299799351	Loan	123.00
807	62178651938	Maintenance	123.00
808	62178651938	Loan	123.00
809	69165119751	Maintenance	123.00
810	69165119751	Loan	123.00
811	94119475884	Maintenance	123.00
812	94119475884	Loan	123.00
813	77195974394	Maintenance	123.00
814	77195974394	Loan	123.00
815	53539531315	Maintenance	123.00
816	53539531315	Loan	123.00
817	63175748816	Maintenance	123.00
818	63175748816	Loan	123.00
819	59369579879	Maintenance	123.00
820	59369579879	Loan	123.00
821	27781152226	Maintenance	123.00
822	27781152226	Loan	123.00
823	82773114671	Maintenance	123.00
824	82773114671	Loan	123.00
825	67989577972	Maintenance	123.00
826	67989577972	Loan	123.00
827	55969232967	Maintenance	123.00
828	55969232967	Loan	123.00
829	95767413855	Maintenance	123.00
830	95767413855	Loan	123.00
831	93539971441	Maintenance	123.00
832	93539971441	Loan	123.00
833	15687713189	Maintenance	123.00
834	15687713189	Loan	123.00
835	77256718438	Maintenance	123.00
836	77256718438	Loan	123.00
837	73341465444	Maintenance	123.00
838	73341465444	Loan	123.00
839	41849548344	Maintenance	123.00
840	41849548344	Loan	123.00
841	81411414844	Maintenance	123.00
842	81411414844	Loan	123.00
843	89644666924	Maintenance	123.00
844	89644666924	Loan	123.00
845	22242375374	Maintenance	123.00
846	22242375374	Loan	123.00
847	93847388942	Maintenance	123.00
848	93847388942	Loan	123.00
849	67648444823	Maintenance	123.00
850	67648444823	Loan	123.00
851	33443833737	Maintenance	123.00
852	33443833737	Loan	123.00
853	25984381396	Maintenance	123.00
854	25984381396	Loan	123.00
855	73976912681	Maintenance	123.00
856	73976912681	Loan	123.00
857	45745871541	Maintenance	123.00
858	45745871541	Loan	123.00
859	59655115351	Maintenance	123.00
860	59655115351	Loan	123.00
861	23218439177	Maintenance	123.00
862	23218439177	Loan	123.00
863	55541433134	Maintenance	123.00
864	55541433134	Loan	123.00
865	72347691412	Maintenance	123.00
866	72347691412	Loan	123.00
867	94237255455	Maintenance	123.00
868	94237255455	Loan	123.00
869	97824248286	Maintenance	123.00
870	97824248286	Loan	123.00
871	53953764733	Maintenance	123.00
872	53953764733	Loan	123.00
873	33695419737	Maintenance	123.00
874	33695419737	Loan	123.00
875	81891627456	Maintenance	123.00
876	81891627456	Loan	123.00
877	48152425748	Maintenance	123.00
878	48152425748	Loan	123.00
879	59473836292	Maintenance	123.00
880	59473836292	Loan	123.00
881	47786185592	Maintenance	123.00
882	47786185592	Loan	123.00
883	47872758544	Maintenance	123.00
884	47872758544	Loan	123.00
885	95945452634	Maintenance	123.00
886	95945452634	Loan	123.00
887	71733685215	Maintenance	123.00
888	71733685215	Loan	123.00
889	41131566996	Maintenance	123.00
890	41131566996	Loan	123.00
891	43664919854	Maintenance	123.00
892	43664919854	Loan	123.00
893	58194752985	Maintenance	123.00
894	58194752985	Loan	123.00
895	62832553589	Maintenance	123.00
896	62832553589	Loan	123.00
897	43975496511	Maintenance	123.00
898	43975496511	Loan	123.00
899	41241186167	Maintenance	123.00
900	41241186167	Loan	123.00
901	33865717345	Maintenance	123.00
902	33865717345	Loan	123.00
903	75669732645	Maintenance	123.00
904	75669732645	Loan	123.00
905	78841348998	Maintenance	123.00
906	78841348998	Loan	123.00
907	51233443897	Maintenance	123.00
908	51233443897	Loan	123.00
909	81679443394	Maintenance	123.00
910	81679443394	Loan	123.00
911	78614687657	Maintenance	123.00
912	78614687657	Loan	123.00
913	26391818178	Maintenance	123.00
914	26391818178	Loan	123.00
915	98888819553	Maintenance	123.00
916	98888819553	Loan	123.00
917	96758379432	Maintenance	123.00
918	96758379432	Loan	123.00
919	13179122214	Maintenance	123.00
920	13179122214	Loan	123.00
921	69595752221	Maintenance	123.00
922	69595752221	Loan	123.00
923	54317351424	Maintenance	123.00
924	54317351424	Loan	123.00
925	11432422386	Maintenance	123.00
926	11432422386	Loan	123.00
927	68939392661	Maintenance	123.00
928	68939392661	Loan	123.00
929	58992451491	Maintenance	123.00
930	58992451491	Loan	123.00
931	97491614933	Maintenance	123.00
932	97491614933	Loan	123.00
933	73785169531	Maintenance	123.00
934	73785169531	Loan	123.00
935	34852643622	Maintenance	123.00
936	34852643622	Loan	123.00
937	33115939481	Maintenance	123.00
938	33115939481	Loan	123.00
939	61942765769	Maintenance	123.00
940	61942765769	Loan	123.00
941	31136455796	Maintenance	123.00
942	31136455796	Loan	123.00
943	19274548879	Maintenance	123.00
944	19274548879	Loan	123.00
945	79457244468	Maintenance	123.00
946	79457244468	Loan	123.00
947	96185682446	Maintenance	123.00
948	96185682446	Loan	123.00
949	77383115649	Maintenance	123.00
950	77383115649	Loan	123.00
951	13397941931	Maintenance	123.00
952	13397941931	Loan	123.00
953	32853478764	Maintenance	123.00
954	32853478764	Loan	123.00
955	93773998516	Maintenance	123.00
956	93773998516	Loan	123.00
957	16278144496	Maintenance	123.00
958	16278144496	Loan	123.00
959	33497214652	Maintenance	123.00
960	33497214652	Loan	123.00
961	55792895528	Maintenance	123.00
962	55792895528	Loan	123.00
963	39352133834	Maintenance	123.00
964	39352133834	Loan	123.00
965	68255611993	Maintenance	123.00
966	68255611993	Loan	123.00
967	81767171974	Maintenance	123.00
968	81767171974	Loan	123.00
969	37994454973	Maintenance	123.00
970	37994454973	Loan	123.00
971	14752442552	Maintenance	123.00
972	14752442552	Loan	123.00
973	77182192662	Maintenance	123.00
974	77182192662	Loan	123.00
975	88982692178	Maintenance	123.00
976	88982692178	Loan	123.00
977	23623915516	Maintenance	123.00
978	23623915516	Loan	123.00
979	11946948859	Maintenance	123.00
980	11946948859	Loan	123.00
981	36244797741	Maintenance	123.00
982	36244797741	Loan	123.00
983	56275337674	Maintenance	123.00
984	56275337674	Loan	123.00
985	65952891421	Maintenance	123.00
986	65952891421	Loan	123.00
987	47117562269	Maintenance	123.00
988	47117562269	Loan	123.00
989	45265181133	Maintenance	123.00
990	45265181133	Loan	123.00
991	47777845621	Maintenance	123.00
992	47777845621	Loan	123.00
993	99582636967	Maintenance	123.00
994	99582636967	Loan	123.00
995	99937834333	Maintenance	123.00
996	99937834333	Loan	123.00
997	26775761768	Maintenance	123.00
998	26775761768	Loan	123.00
999	19733712329	Maintenance	123.00
1000	19733712329	Loan	123.00
